66
1 186 115 1
2 362 70 1
3 353 205 1
4 509 116 1
5 552 36 1
6 667 152 1
7 670 255 1
8 547 321 1
9 480 222 1
10 356 284 1
11 367 342 1
12 443 331 1
13 561 193 1
14 629 47 1
15 718 68 1
16 748 232 1
17 700 351 1
18 534 379 1
19 396 254 1
20 413 80 1
21 261 112 1
22 270 185 1
23 238 306 1
24 275 364 1
25 309 145 1
26 427 163 1
27 488 47 1
28 563 101 1
29 554 244 1
30 472 172 1
31 268 251 1
32 315 32 1
33 199 264 1
34 309 104 0
35 384 166 0
36 435 113 0
37 443 28 0
38 524 63 0
39 561 133 0
40 522 225 0
41 317 327 0
42 331 377 0
43 379 387 0
44 590 387 0
45 610 344 0
46 641 347 0
47 585 267 0
48 695 184 0
49 703 135 0
50 730 131 0
51 732 166 0
52 662 62 0
53 663 27 0
54 685 10 0
55 703 23 0
56 748 300 0
57 768 213 0
58 716 345 0
59 469 369 0
60 507 349 0
61 661 324 0
62 692 231 0
63 696 261 0
64 728 274 0
65 158 193 0
66 237 71 0


