66
1 121 80 1
2 208 109 1
3 158 280 1
4 84 216 1
5 334 58 1
6 284 195 1
7 217 212 1
8 388 322 1
9 413 189 1
10 350 150 1
11 404 63 1
12 456 34 1
13 446 107 1
14 487 198 1
15 451 270 1
16 475 363 1
17 367 410 1
18 225 367 1
19 274 297 1
20 279 335 1
21 337 229 1
22 233 245 1
23 280 107 1
24 147 158 1
25 176 21 1
26 231 53 1
27 320 2 1
28 358 105 1
29 412 146 1
30 387 266 1
31 332 364 1
32 193 405 1
33 108 327 1
34 312 221 0
35 383 200 0
36 352 303 0
37 399 388 0
38 407 331 0
39 418 373 0
40 437 362 0
41 415 355 0
42 407 373 0
43 416 388 0
44 436 382 0
45 432 335 0
46 422 313 0
47 557 232 0
48 553 51 0
49 615 48 0
50 712 199 0
51 651 328 0
52 579 355 0
53 749 380 0
54 773 250 0
55 782 106 0
56 634 146 0
57 533 134 0
58 622 229 0
59 677 105 0
60 740 145 0
61 825 299 0
62 731 330 0
63 684 247 0
64 588 303 0
65 484 290 0
66 311 152 0