666
1 250.70 132.20 1
2 342.40 34.47 1
3 64.84 24.29 1
4 842.40 323.30 1
5 641.80 299.30 1
6 149.30 194.20 1
7 758.30 200.10 1
8 803.30 323.00 1
9 452.90 344.00 1
10 129.10 208.00 1
11 544.00 322.70 1
12 708.70 232.20 1
13 625.60 398.60 1
14 917.20 281.30 1
15 78.77 206.90 1
16 468.60 397.70 1
17 311.00 295.00 1
18 711.70 82.14 1
19 839.80 245.90 1
20 633.30 39.63 1
21 257.90 67.27 1
22 500.00 72.16 1
23 246.20 240.50 1
24 262.20 254.70 1
25 685.10 31.06 1
26 97.80 336.40 1
27 562.40 308.50 1
28 313.80 340.10 1
29 85.07 25.19 1
30 618.20 237.30 1
31 336.80 131.30 1
32 603.70 376.30 1
33 439.30 319.70 1
34 507.70 171.50 1
35 547.90 278.10 1
36 433.40 47.05 1
37 504.70 33.92 1
38 770.70 386.30 1
39 644.70 208.70 1
40 145.20 394.40 1
41 117.00 127.10 1
42 93.87 231.70 1
43 92.67 6.31 1
44 831.50 136.40 1
45 827.30 147.50 1
46 65.85 317.20 1
47 848.50 53.89 1
48 370.20 336.60 1
49 100.60 386.50 1
50 299.40 94.18 1
51 635.00 262.70 1
52 496.10 311.10 1
53 214.90 297.40 1
54 900.20 16.18 1
55 8.38 164.40 1
56 75.45 210.50 1
57 620.80 236.30 1
58 342.60 364.60 1
59 236.70 232.90 1
60 331.40 259.80 1
61 419.20 291.80 1
62 690.90 77.78 1
63 245.30 293.50 1
64 886.20 5.22 1
65 826.30 359.80 1
66 888.30 165.80 1
67 19.25 22.51 1
68 388.00 62.71 1
69 287.40 228.30 1
70 138.30 32.71 1
71 303.80 273.60 1
72 823.00 106.90 1
73 629.00 65.16 1
74 379.40 59.00 1
75 486.80 237.20 1
76 792.10 202.10 1
77 337.70 85.80 1
78 479.40 16.99 1
79 147.00 24.10 1
80 739.00 48.21 1
81 702.00 207.00 1
82 545.80 384.50 1
83 607.00 320.70 1
84 822.00 305.80 1
85 15.37 133.10 1
86 720.30 356.90 1
87 44.89 385.50 1
88 633.40 175.70 1
89 639.30 262.50 1
90 890.10 412.00 1
91 566.40 212.60 1
92 744.60 396.50 1
93 447.00 99.20 1
94 402.70 316.00 1
95 563.80 193.20 1
96 583.10 401.80 1
97 799.40 2.22 1
98 530.90 24.47 1
99 856.90 358.70 1
100 901.20 64.66 1
101 758.20 7.82 1
102 515.50 183.10 1
103 735.90 39.60 1
104 734.20 197.40 1
105 461.70 325.30 1
106 32.60 121.10 1
107 428.20 35.66 1
108 786.30 127.50 1
109 842.70 171.10 1
110 743.30 15.35 1
111 813.90 182.30 1
112 387.40 271.40 1
113 584.80 338.50 1
114 493.60 128.20 1
115 375.70 273.20 1
116 882.00 134.90 1
117 429.50 365.70 1
118 381.60 60.98 1
119 432.20 130.60 1
120 750.50 56.47 1
121 132.30 276.80 1
122 787.20 73.75 1
123 253.30 103.00 1
124 827.70 33.66 1
125 13.62 242.80 1
126 175.90 338.60 1
127 448.80 311.20 1
128 347.90 219.90 1
129 668.30 247.10 1
130 316.40 176.60 1
131 839.70 308.00 1
132 329.10 166.30 1
133 847.20 161.10 1
134 485.50 224.20 1
135 179.40 404.50 1
136 531.40 156.80 1
137 840.70 239.50 1
138 854.20 9.98 1
139 455.00 86.83 1
140 87.43 26.00 1
141 353.70 360.80 1
142 362.70 114.90 1
143 167.40 171.10 1
144 889.00 77.10 1
145 57.64 113.80 1
146 108.70 169.50 1
147 478.10 391.30 1
148 873.30 330.90 1
149 386.50 119.70 1
150 307.40 181.00 1
151 332.60 296.50 1
152 161.30 174.50 1
153 327.50 26.18 1
154 916.60 190.90 1
155 754.60 174.30 1
156 773.60 117.60 1
157 809.30 260.00 1
158 435.80 361.20 1
159 898.70 292.30 1
160 832.20 199.40 1
161 742.60 10.42 1
162 211.50 213.30 1
163 508.60 140.60 1
164 702.70 67.92 1
165 405.70 232.50 1
166 473.70 373.50 1
167 554.80 177.00 1
168 868.00 305.90 1
169 238.60 389.80 1
170 51.10 149.90 1
171 186.90 245.00 1
172 727.40 10.02 1
173 558.80 195.50 1
174 679.90 116.20 1
175 127.00 54.34 1
176 142.40 207.10 1
177 349.30 114.10 1
178 273.80 100.40 1
179 537.10 110.40 1
180 69.76 173.00 1
181 655.50 184.70 1
182 3.10 100.50 1
183 741.60 109.80 1
184 437.50 17.67 1
185 613.40 97.58 1
186 323.10 356.60 1
187 770.00 278.70 1
188 777.40 345.80 1
189 844.10 110.50 1
190 686.80 187.40 1
191 156.90 197.10 1
192 853.60 246.10 1
193 410.00 291.10 1
194 177.10 145.60 1
195 401.60 126.70 1
196 377.10 298.00 1
197 198.80 177.70 1
198 902.40 14.74 1
199 100.60 255.90 1
200 559.80 133.60 1
201 800.30 108.10 1
202 347.00 135.90 1
203 162.10 363.40 1
204 143.30 197.90 1
205 386.20 50.63 1
206 279.40 238.90 1
207 769.20 309.80 1
208 636.20 148.30 1
209 848.40 91.24 1
210 33.86 349.00 1
211 169.50 118.60 1
212 502.60 193.80 1
213 164.70 102.20 1
214 812.90 38.26 1
215 821.70 50.42 1
216 396.40 327.90 1
217 380.90 236.00 1
218 808.60 164.90 1
219 840.60 271.40 1
220 113.10 414.50 1
221 888.30 167.70 1
222 431.10 34.76 1
223 137.90 88.55 1
224 145.60 267.00 1
225 899.30 4.26 1
226 181.00 400.80 1
227 137.50 119.60 1
228 467.30 136.80 1
229 76.68 371.00 1
230 358.90 200.40 1
231 733.10 283.90 1
232 259.10 379.80 1
233 79.24 397.40 1
234 784.80 393.10 1
235 0.28 296.20 1
236 367.10 281.00 1
237 608.00 299.70 1
238 506.30 281.60 1
239 337.30 165.10 1
240 267.80 223.50 1
241 27.67 209.30 1
242 271.60 90.53 1
243 832.40 268.30 1
244 527.70 87.49 1
245 603.30 248.50 1
246 399.10 214.80 1
247 650.20 181.00 1
248 689.80 173.00 1
249 856.50 194.50 1
250 499.80 41.05 1
251 582.20 3.70 1
252 814.80 21.14 1
253 788.00 389.00 1
254 96.99 121.00 1
255 1.06 27.24 1
256 279.80 164.80 1
257 683.00 151.80 1
258 185.00 151.90 1
259 255.40 389.50 1
260 247.40 114.70 1
261 808.50 354.10 1
262 184.50 315.20 1
263 696.80 322.70 1
264 620.70 114.30 1
265 221.20 170.70 1
266 409.20 99.66 1
267 240.50 313.80 1
268 675.00 378.80 1
269 150.40 67.18 1
270 863.10 48.89 1
271 748.90 99.08 1
272 608.90 338.70 1
273 31.75 217.30 1
274 31.75 168.00 1
275 309.70 413.60 1
276 339.30 387.50 1
277 901.50 162.30 1
278 109.10 10.71 1
279 307.60 144.20 1
280 132.10 295.90 1
281 511.10 137.90 1
282 279.60 413.10 1
283 535.80 164.90 1
284 316.60 115.00 1
285 395.50 317.00 1
286 103.90 247.60 1
287 748.90 76.96 1
288 72.65 263.50 1
289 65.84 63.69 1
290 152.80 245.10 1
291 374.10 374.80 1
292 829.50 347.20 1
293 404.50 84.26 1
294 802.40 160.70 1
295 67.05 18.08 1
296 458.90 79.05 1
297 616.90 10.08 1
298 104.10 97.67 1
299 501.70 268.30 1
300 338.90 184.40 1
301 702.70 144.60 1
302 855.90 172.50 1
303 241.30 174.50 1
304 475.90 397.70 1
305 250.30 283.10 1
306 198.20 175.60 1
307 56.28 408.80 1
308 131.30 373.20 1
309 906.40 219.00 1
310 363.10 63.67 1
311 790.40 4.95 1
312 299.00 183.40 1
313 574.10 229.40 1
314 111.80 39.09 1
315 319.20 189.10 1
316 650.50 392.60 1
317 477.90 325.20 1
318 877.00 215.30 1
319 616.70 297.40 1
320 176.80 51.97 1
321 278.60 325.00 1
322 49.34 272.40 1
323 113.50 342.50 1
324 569.50 114.50 1
325 552.90 353.10 1
326 799.10 371.50 1
327 763.40 265.80 1
328 426.50 179.80 1
329 653.00 84.44 1
330 753.20 396.20 1
331 402.70 14.08 1
332 472.00 230.50 1
333 275.00 72.39 1
334 907.10 39.92 0
335 736.00 36.97 0
336 520.50 307.30 0
337 74.09 155.90 0
338 735.80 121.50 0
339 612.10 105.10 0
340 98.92 159.00 0
341 470.20 376.20 0
342 668.50 173.30 0
343 340.90 238.90 0
344 2.88 158.40 0
345 434.40 222.90 0
346 878.10 180.20 0
347 472.60 350.60 0
348 173.50 132.20 0
349 882.40 370.00 0
350 82.63 244.60 0
351 606.10 335.40 0
352 326.80 268.00 0
353 710.80 265.70 0
354 758.40 244.00 0
355 12.65 149.00 0
356 580.60 363.00 0
357 182.70 284.10 0
358 598.80 331.30 0
359 105.10 293.60 0
360 258.90 318.60 0
361 642.20 141.80 0
362 482.50 173.50 0
363 482.50 239.30 0
364 352.30 214.20 0
365 556.50 224.10 0
366 521.00 284.80 0
367 469.30 162.40 0
368 478.30 390.50 0
369 731.70 416.50 0
370 688.20 16.63 0
371 677.10 192.80 0
372 432.10 274.20 0
373 358.10 174.20 0
374 527.50 142.10 0
375 873.60 75.72 0
376 816.40 126.80 0
377 399.60 280.40 0
378 708.50 12.64 0
379 614.60 81.74 0
380 917.80 283.10 0
381 541.10 412.00 0
382 901.10 134.30 0
383 795.30 252.70 0
384 256.10 402.50 0
385 750.20 53.68 0
386 405.70 169.00 0
387 608.40 62.43 0
388 137.80 375.20 0
389 62.25 252.80 0
390 623.70 259.60 0
391 12.83 164.20 0
392 609.70 404.10 0
393 891.10 347.10 0
394 173.60 271.60 0
395 360.10 379.10 0
396 170.80 250.00 0
397 475.30 143.20 0
398 124.00 290.90 0
399 443.80 198.40 0
400 84.65 135.00 0
401 691.90 398.90 0
402 20.41 287.30 0
403 791.10 105.10 0
404 409.90 1.11 0
405 422.30 406.60 0
406 364.50 188.90 0
407 632.90 411.20 0
408 637.10 410.50 0
409 779.40 154.80 0
410 482.51 378.42 0
411 364.40 71.66 0
412 318.40 125.90 0
413 223.30 405.60 0
414 80.82 103.80 0
415 343.90 110.90 0
416 619.40 359.30 0
417 708.50 271.10 0
418 792.20 58.56 0
419 603.70 355.10 0
420 353.20 262.30 0
421 41.65 214.60 0
422 378.30 374.20 0
423 561.80 355.30 0
424 293.40 341.30 0
425 790.40 34.45 0
426 711.30 282.50 0
427 576.30 287.90 0
428 122.70 32.20 0
429 801.70 201.20 0
430 136.20 277.60 0
431 735.90 205.80 0
432 909.20 280.90 0
433 264.20 268.20 0
434 534.10 109.50 0
435 571.20 115.30 0
436 223.30 286.20 0
437 510.90 193.90 0
438 603.80 113.10 0
439 613.20 56.20 0
440 117.50 81.21 0
441 44.38 8.26 0
442 166.20 37.64 0
443 260.80 173.60 0
444 409.20 190.70 0
445 695.10 309.30 0
446 803.00 370.90 0
447 249.30 387.80 0
448 232.20 44.36 0
449 891.40 251.80 0
450 45.51 337.70 0
451 534.50 45.35 0
452 503.80 140.70 0
453 889.10 130.00 0
454 287.80 59.52 0
455 913.60 94.79 0
456 882.70 35.05 0
457 648.80 202.70 0
458 220.60 217.60 0
459 747.20 234.90 0
460 400.90 94.23 0
461 463.80 358.60 0
462 63.08 45.70 0
463 505.00 246.20 0
464 851.60 316.80 0
465 676.50 191.40 0
466 355.10 326.30 0
467 557.20 75.55 0
468 68.56 410.80 0
469 471.20 329.50 0
470 748.60 135.50 0
471 898.00 323.30 0
472 830.20 296.90 0
473 342.40 10.66 0
474 641.30 251.50 0
475 841.80 241.90 0
476 464.50 175.00 0
477 888.80 82.72 0
478 731.90 320.10 0
479 591.90 311.30 0
480 665.00 197.40 0
481 690.50 160.90 0
482 885.60 182.60 0
483 21.76 238.30 0
484 780.70 122.90 0
485 615.80 370.50 0
486 774.50 367.30 0
487 228.50 279.30 0
488 274.00 225.20 0
489 773.00 183.00 0
490 504.20 86.74 0
491 495.50 73.22 0
492 280.50 133.40 0
493 230.70 154.80 0
494 330.90 231.70 0
495 750.40 382.60 0
496 561.30 146.80 0
497 399.30 334.40 0
498 367.20 115.00 0
499 369.10 255.20 0
500 137.60 70.37 0
501 154.40 353.10 0
502 304.30 54.55 0
503 642.70 23.35 0
504 672.80 125.50 0
505 142.00 325.00 0
506 35.53 194.00 0
507 808.20 127.70 0
508 677.20 192.20 0
509 651.40 98.21 0
510 292.90 170.10 0
511 530.10 362.90 0
512 736.50 307.50 0
513 414.50 162.30 0
514 519.20 20.39 0
515 521.30 369.20 0
516 460.90 322.10 0
517 907.90 63.67 0
518 424.70 265.10 0
519 423.10 137.50 0
520 39.88 400.60 0
521 554.70 144.20 0
522 607.80 315.20 0
523 356.30 74.23 0
524 874.50 262.20 0
525 870.80 379.40 0
526 440.90 217.30 0
527 631.70 258.50 0
528 695.90 94.56 0
529 660.40 29.23 0
530 534.20 318.70 0
531 544.80 92.39 0
532 624.50 214.10 0
533 328.50 225.00 0
534 613.10 90.98 0
535 847.70 53.03 0
536 295.70 310.70 0
537 671.90 286.30 0
538 149.80 293.40 0
539 699.10 103.20 0
540 322.40 357.60 0
541 752.20 315.30 0
542 827.20 138.50 0
543 144.40 183.50 0
544 177.10 279.30 0
545 371.10 8.05 0
546 750.10 278.20 0
547 736.10 292.30 0
548 654.40 20.76 0
549 696.50 414.90 0
550 580.80 389.50 0
551 658.70 145.30 0
552 833.00 49.17 0
553 302.50 251.40 0
554 493.40 79.02 0
555 871.50 92.14 0
556 539.10 179.80 0
557 394.10 159.90 0
558 817.40 222.10 0
559 228.30 354.70 0
560 67.87 66.10 0
561 849.50 276.90 0
562 820.90 111.30 0
563 703.20 273.40 0
564 805.20 121.50 0
565 843.70 315.70 0
566 262.50 43.37 0
567 671.50 57.10 0
568 354.60 337.50 0
569 403.70 59.61 0
570 28.83 143.70 0
571 134.30 22.79 0
572 514.10 367.50 0
573 122.30 272.50 0
574 3.27 27.84 0
575 432.10 255.80 0
576 561.40 18.76 0
577 871.00 281.10 0
578 623.10 131.00 0
579 284.20 277.80 0
580 639.50 165.20 0
581 750.00 131.80 0
582 746.00 122.30 0
583 92.79 368.40 0
584 550.80 328.70 0
585 324.10 252.50 0
586 127.60 224.40 0
587 738.90 396.20 0
588 387.30 414.70 0
589 490.90 284.70 0
590 47.80 48.68 0
591 537.60 313.00 0
592 249.90 383.20 0
593 356.10 408.40 0
594 270.20 339.20 0
595 464.30 235.60 0
596 873.00 323.90 0
597 627.40 169.80 0
598 592.60 132.30 0
599 195.50 96.30 0
600 583.00 113.80 0
601 563.30 226.80 0
602 556.50 168.10 0
603 569.80 153.60 0
604 526.50 335.50 0
605 447.00 346.30 0
606 82.31 53.81 0
607 553.80 222.60 0
608 705.90 264.80 0
609 381.80 313.50 0
610 101.10 6.09 0
611 623.30 179.10 0
612 609.00 36.86 0
613 917.40 6.75 0
614 427.70 100.90 0
615 643.80 32.40 0
616 763.90 308.20 0
617 10.22 314.50 0
618 391.40 341.30 0
619 498.70 5.61 0
620 611.00 247.30 0
621 88.25 296.30 0
622 391.30 330.70 0
623 719.10 199.20 0
624 57.39 117.80 0
625 409.10 173.60 0
626 686.80 177.30 0
627 367.00 248.00 0
628 101.80 100.60 0
629 450.60 158.80 0
630 189.80 158.50 0
631 415.10 234.40 0
632 715.40 378.40 0
633 542.20 121.90 0
634 777.60 379.70 0
635 706.50 351.90 0
636 552.50 375.70 0
637 658.40 77.17 0
638 568.60 21.00 0
639 586.90 146.60 0
640 341.30 88.18 0
641 133.30 269.20 0
642 68.76 331.50 0
643 453.60 266.20 0
644 754.00 165.00 0
645 128.90 412.30 0
646 47.05 124.00 0
647 552.10 33.20 0
648 289.80 312.30 0
649 588.50 187.50 0
650 331.50 23.04 0
651 687.50 25.66 0
652 488.50 210.80 0
653 875.40 152.30 0
654 435.30 35.72 0
655 853.10 72.86 0
656 144.00 8.78 0
657 396.00 154.70 0
658 194.50 52.79 0
659 30.28 165.00 0
660 524.60 400.10 0
661 161.50 242.00 0
662 397.50 339.50 0
663 492.70 114.10 0
664 486.50 202.10 0
665 647.10 326.00 0
666 656.80 369.50 0
