3333
57.0
3949 3285
3585 549
6253 2740
5035 801
4283 1382
4926 614
4224 1851
4043 65
226 6058
5838 904
4777 199
6472 1855
6164 55
2774 3795
4483 2527
3895 3171
6191 1833
4828 1624
3706 98
1330 4016
5969 2366
3516 1125
3985 312
2010 5332
1335 4244
1272 5557
5923 3156
3185 5897
1989 4394
5499 139
102 5634
6042 1340
4199 1271
4966 1103
5392 1526
6596 2922
1065 5836
3522 1653
6155 780
5610 2517
1351 3558
3688 779
4176 1376
4841 3232
5802 3044
713 5572
1575 4733
680 3660
4515 253
1722 5018
2516 4666
6460 2936
1700 4595
5604 2682
4042 3275
5692 2563
4323 111
162 6663
173 3560
1258 4251
379 5794
371 5169
6072 2591
4736 1166
2811 6311
5103 1571
2250 6443
1343 6295
4866 1020
3269 6538
6087 2270
5017 3308
970 3791
685 6067
1426 4625
405 5550
4512 3191
5372 620
2466 4193
6533 1307
6174 1223
4954 3292
3724 1698
4103 252
3898 1527
6140 2239
1449 5110
2784 4023
1321 6106
1308 6574
1899 4547
2220 3745
2499 6346
4530 1189
3493 1945
956 3495
1803 3966
1028 6635
3178 5696
1860 5612
3032 6531
2944 5605
2706 4933
1492 5041
298 6378
6293 1446
1634 4069
546 6158
3983 1956
5163 2402
1210 5111
474 5075
874 5968
1116 4081
4350 2095
2544 5003
3729 988
6243 1542
4229 1535
4815 2404
5151 2602
3615 2816
3437 1523
2090 5101
1453 4871
1661 3738
3441 1884
5330 1069
3699 611
702 6076
5837 870
2727 4735
3980 2583
2962 3837
44 4789
657 3667
4374 3302
3882 3325
4353 1237
3500 577
3834 933
332 3603
5566 1242
2958 3726
1638 5268
79 5623
1800 3821
2990 5472
2604 5107
4391 1840
2000 3805
6247 2793
5247 2489
5138 639
6377 1987
5543 1388
5175 2954
4990 1060
4576 2408
4606 185
3764 1515
1038 4486
2959 4116
2231 3563
1099 5282
504 5843
1609 6351
5389 2984
5029 515
1995 6242
2536 4907
1097 4087
3113 5176
652 3874
2150 4995
3485 1286
6480 1804
885 3678
993 5240
868 4481
1602 3862
3290 3844
457 3539
1476 5062
335 4628
5762 3103
5304 860
5355 2484
6633 215
125 3904
3871 426
2929 5385
5214 2581
2089 5358
5377 1181
3368 1543
3817 2731
6619 2953
6662 750
4047 2465
4480 530
26 6541
2145 5722
6302 2755
804 3562
336 5685
1474 4700
3315 3842
4969 99
3549 1842
4328 848
4414 2685
4370 3215
3342 882
3867 1768
2117 5876
616 4559
1483 3813
104 3877
2653 5631
4752 775
5249 3126
3486 3134
3000 5012
5036 2788
2545 3892
5867 3190
5512 2851
279 5966
4771 1831
4071 2744
5976 2764
1293 5044
5849 2354
1807 6034
3866 798
4706 1342
1726 4833
3475 937
1748 4925
3705 884
3609 1983
3993 1394
6184 2667
2969 5092
651 5061
3927 1814
2204 6368
2994 5652
1239 4278
2950 4266
2463 4695
1885 3528
946 4649
3065 4499
5992 648
3579 2952
5480 154
6485 2208
2680 4890
2099 6451
1367 6401
6634 2406
5713 2155
4470 3115
1136 3781
6171 2548
720 4876
3105 5649
2074 5241
38 4575
4930 3052
1841 4424
6455 223
3502 613
3619 1410
3759 655
108 3646
5525 1918
682 6560
1600 4078
4154 3075
5769 3297
5189 2327
4118 21
3946 1979
6367 1266
2777 3694
4594 1010
3358 2336
251 4538
6059 1530
3471 2474
857 6227
1491 5518
712 4535
847 4102
1298 5710
1971 5637
4715 1612
2939 6458
4937 271
4856 815
4070 1247
3515 553
4365 2507
81 3639
3281 3768
6022 1270
1694 5030
5414 216
3654 1173
984 4143
2513 4425
5542 2627
2745 6310
1035 5954
536 5646
48 4688
1100 4387
979 5613
1202 5114
6325 2414
1021 4456
518 6213
6154 2538
1991 4052
1576 4385
5588 1900
155 3432
456 6491
3029 3592
101 6363
1130 6557
1544 6425
945 4834
5919 1832
6585 1030
3913 1209
6050 2629
5501 1322
5446 3131
1066 4011
3034 5279
2064 5647
1315 4718
4033 1165
6551 1218
4302 1736
5494 2141
3488 3019
4977 839
4197 383
3984 2885
454 6400
3783 717
5994 117
6449 278
2877 6249
1011 4307
4581 2819
1667 3838
5256 2786
4005 1106
2290 5400
3716 654
3282 5848
4973 67
222 4063
744 5278
5656 1187
888 6086
3876 310
4252 2100
3777 1973
3121 3719
6115 2479
6396 861
1090 5435
347 6308
483 4555
3155 3779
980 3465
4007 2812
6374 1231
5046 1532
4142 319
2215 3701
6642 250
1556 6416
4738 3129
1096 6375
6450 145
376 3948
478 3675
4946 3331
2623 5993
3187 3658
1767 4953
1522 4795
1650 3932
3997 303
2326 5545
556 5493
2257 3630
5263 2167
1693 4133
5937 1761
4268 3142
4846 2038
1849 5324
1024 6403
2908 3992
776 3751
2369 6647
1990 6024
3022 6638
4447 1284
3205 5357
5287 2342
4838 1873
1184 6051
3944 906
5409 922
3395 2817
210 5621
190 4609
6645 2082
4243 134
930 6548
110 3896
1122 3864
4366 829
3066 6190
656 5617
3672 2105
1414 6032
121 6369
3206 5460
6504 2938
2067 4636
419 5790
718 5215
2630 4603
1465 5297
2539 3476
1440 5082
4356 2423
1863 5978
3686 1469
2564 3935
1924 4854
3638 3201
6563 2622
4173 1260
6013 73
3830 1785
5128 563
3662 683
4767 202
5589 1456
404 6166
2693 3442
1226 4745
2425 3943
1486 4205
3154 4710
1368 6233
1743 6597
565 3413
377 6165
4889 45
2152 6274
543 5142
4797 3119
3598 1102
1780 6031
46 5721
4086 2241
3833 2772
4799 1942
5575 2318
5953 295
4997 1511
3208 6441
219 6007
1697 4466
2767 5354
5726 2947
6636 1276
1681 3594
4028 816
3518 2107
6123 2340
3286 5564
3040 4818
2379 5663
112 4254
5665 2247
2825 3468
4662 2381
6135 161
4566 814
5387 2747
4508 1268
2587 5373
4478 490
669 5178
5436 3141
4192 2671
5835 2650
6286 2946
508 4613
3080 4864
4431 1084
3362 757
1488 4228
6204 2743
3823 410
835 4941
4159 1683
645 5433
6340 156
4038 1458
1040 5741
2859 4120
2837 4867
6394 2555
3104 4048
2724 5828
109 3613
1777 6337
3186 5273
5423 2718
3018 3416
5123 3108
1157 6276
157 4561
485 5804
764 4144
5496 3038
3774 2537
3084 5440
1797 3394
5380 471
1064 4432
4207 184
4853 2173
2970 3357
339 6272
583 4829
1679 4727
3637 582
3731 2921
2262 6336
5747 2108
3743 866
4347 1712
6536 985
6114 2223
3299 4734
2985 5365
5486 1865
4849 302
4809 2026
5396 2497
6593 2441
3403 2794
962 3859
6116 258
482 3730
1170 3714
4900 1779
5739 2359
2590 6316
4804 2006
6160 552
2237 5629
4014 1124
3238 5645
5892 272
2568 5490
2055 4027
2779 4213
4024 2373
2056 4219
123 5469
2854 5245
2478 5778
4423 2890
2285 4056
6650 704
5509 1429
5670 1788
6331 505
3961 2096
4882 3271
1193 5624
3641 2320
2823 5870
1172 5900
4690 2431
5229 1972
5342 2753
288 4215
5822 1529
1686 4912
1716 6412
4256 1703
5944 540
4943 1512
1339 5038
6390 175
4232 1204
2500 3860
1838 5981
2911 5498
3775 2721
5699 3140
4450 529
785 4987
2526 3960
1835 6069
2542 3740
2286 3408
4340 1862
6282 19
1882 6539
3007 6466
1715 4794
4482 1436
5744 2498
2060 5971
5192 2525
2628 6078
386 4709
6319 1141
4503 695
5323 2309
165 5145
5815 1883
3878 2473
6228 2050
5702 1640
5361 1676
6479 63
4362 2023
4812 2511
4310 2803
4390 568
3941 2315
4504 2626
6138 898
5809 2557
5648 638
1908 4514
6421 440
4541 3024
967 4326
6562 74
1082 5292
4774 388
5438 2991
2830 6258
1822 6064
1386 5651
2713 5051
6269 2678
1494 6566
6483 2860
1044 5053
3854 1031
5734 2436
6000 3199
5081 760
1009 5195
5067 2665
4123 1417
5070 3060
5424 330
4329 3245
5761 2847
3494 1537
4415 380
468 5064
3452 1664
5442 2471
6195 3230
2392 5658
4999 2030
5596 1656
2798 4398
5850 672
535 4620
1670 4292
2726 3365
510 5735
2973 6304
1816 3649
186 3349
3742 690
971 5419
6509 1531
3897 2601
4332 2651
3677 2987
3755 1907
3899 2655
5187 340
892 6259
1068 5461
6474 2159
5244 948
4971 3116
3588 23
5535 3220
3979 1292
5528 788
4703 3089
5182 492
4667 2481
2940 4806
4286 555
5267 245
2976 6499
532 5974
4960 1649
3222 5764
6604 1352
6555 265
2848 6476
6132 439
5049 897
3322 4758
4158 2902
693 5917
491 4429
872 3806
6612 2588
2518 3889
1420 3914
1902 4587
2926 5252
1734 5869
1794 4148
4936 2606
4446 601
3586 2761
2741 3533
3455 2594
2600 5153
4201 773
325 3372
436 4343
1981 5934
1665 5884
6266 1538
5300 579
1994 3540
844 5693
599 4474
850 3604
3306 5639
4765 1074
4883 362
3873 2294
4803 1668
2304 5909
5483 2676
5986 209
6219 2898
828 4443
3728 1558
1958 6001
4073 2857
3655 180
3146 6040
435 3617
6292 634
5467 1760
4312 1128
1663 4870
3784 1289
5016 2559
6118 2317
5349 918
5120 995
2506 3458
452 6518
3670 2749
37 6209
2083 3717
1056 5661
6487 2796
5730 1975
5063 3098
4075 2960
6305 3174
3829 1614
4230 771
2886 6097
1137 4802
1901 6312
3383 3159
1213 6327
3277 4826
5416 975
4351 800
3 4380
2275 4303
2072 5776
4100 2569
2016 5405
5220 2918
3392 3139
6145 206
4018 2358
6252 1329
3371 2329
5720 2824
5947 570
5218 2690
2795 4645
2540 3450
4315 939
2037 3506
4051 1151
5037 2087
5168 75
2128 6559
1867 6580
1111 3499
119 4947
2783 5366
69 5265
2642 4438
2701 6591
735 5306
297 5224
4360 1134
1911 5504
3006 6461
3265 6146
140 5171
3449 3303
5873 2303
1950 4178
3865 1617
5311 726
5788 2254
4253 2200
6569 2547
1732 5532
664 5957
5418 201
5160 813
6398 3012
94 5549
3428 1850
3163 4041
1587 5601
4821 2495
311 6550
6490 294
1801 5859
5489 2815
5958 1798
5347 412
6012 1163
3709 1088
3727 2209
2674 4010
6251 894
4679 1117
6144 503
6380 1731
3526 3147
5798 3270
3026 5131
567 4262
3407 524
4742 978
927 4074
3106 4402
6016 2635
6255 2771
2218 4698
4948 1808
4338 1241
3757 2702
449 3363
2735 6079
4006 969
6592 935
931 5077
5294 455
4934 2281
1976 6113
3107 6587
2494 3794
5445 976
6088 900
4208 1792
3348 1285
4062 461
4851 615
2524 4589
2878 3628
947 5026
5716 1375
1620 4647
1580 6019
2284 4976
3469 80
2075 4291
4859 1206
4691 572
6063 810
2640 4140
5059 714
442 5779
3317 6299
2696 5653
5100 3333
5774 2675
4172 2306
3938 296
2712 3810
1423 4412
2553 5455
4233 30
5185 2649
4617 2639
2174 3872
5453 71
2620 5209
2144 6323
4 6615
141 3931
443 3607
429 4473
5235 1383
1380 4321
2841 6428
1319 3491
2979 5054
2201 6192
3168 6549
5964 2391
3223 3824
1448 4701
5965 1819
794 6321
5242 659
1719 6352
1864 4435
68 5091
1279 3884
1912 3953
22 6364
862 4513
3697 958
1818 4117
1691 4927
315 5318
1424 3509
321 6239
3456 267
334 6495
1625 5117
4061 907
4341 78
5133 2943
641 6463
1996 5121
3511 1868
1019 4786
3272 5165
2579 6556
2673 4899
2164 5863
2708 5905
5219 1473
5340 640
2821 4320
2457 6275
2560 5326
3318 4596
1591 5962
5686 1896
3020 5488
6125 2126
2180 6420
1169 3636
1839 4135
668 5562
4903 2131
6589 1005
5149 1450
753 4383
6110 1598
1072 6530
1265 6176
5725 1720
2558 6529
6660 991
3195 4516
115 4713
710 3496
3101 5425
249 5007
3391 522
497 5482
1008 5846
2729 5793
5861 2274
6017 430
4863 1713
1479 4639
5821 2419
3384 3031
3165 3703
5196 1892
5858 1608
3567 3214
705 4656
3627 581
343 5014
627 4317
77 4593
2234 3890
2532 3385
2119 4392
2490 5592
1149 5879
3213 3612
1389 3341
256 3565
575 4615
6379 2501
2663 3840
3861 375
5476 1745
3990 3122
3969 1549
6265 2672
176 3431
6021 1039
6056 1648
4066 1521
4879 3216
5211 3002
3967 1058
6505 1251
4671 2608
6147 2216
4840 282
4968 1372
5164 463
1581 4049
3704 3255
5212 1153
5015 591
4597 2593
3575 607
2554 5130
5903 2307
6039 1120
2199 3634
2813 5577
3051 3981
4505 3118
270 5181
5766 1739
1362 5628
2266 5616
51 4640
5500 243
4301 1221
1846 5522
2088 6018
5034 1985
3767 2194
6608 1936
2063 5312
3753 787
5763 986
6457 2043
6212 2839
2475 5238
2036 4407
1685 4521
2002 6617
972 6410
1363 5585
6360 2699
416 5428
5348 499
4753 143
178 4132
150 6527
3447 1405
120 5677
6519 164
4612 1230
1502 4287
229 6405
453 5955
2686 4763
842 4236
604 4754
3427 2948
1704 6229
2551 3554
1847 4717
2311 3589
2905 6335
1802 4553
5899 598
3815 2256
3930 1534
4164 1397
3647 3267
1356 6391
1200 5924
832 5162
4426 1599
6552 8
1399 3900
3004 5684
2598 3846
2333 6044
2512 6129
4082 2035
501 5315
4768 196
3684 2440
4661 179
2279 3656
2154 5039
3313 4330
6496 2995
3713 3266
398 3412
5541 89
137 3848
4892 2042
3538 1938
1654 3402
959 5231
5927 1963
248 3869
191 6030
1305 4044
105 4269
3133 5918
5591 3259
686 4097
1993 6202
6197 3169
3050 5228
6484 2033
2362 6284
2353 3799
4361 182
3696 2508
6583 1828
4623 1559
5511 2856
5066 624
2080 4019
678 3424
4896 2707
1509 5926
3177 3982
3179 5368
2014 3685
290 4222
1139 5076
1253 3597
2330 5208
6572 1370
1710 4993
3942 1346
887 5533
1982 5314
4650 1228
3911 1702
6117 520
4487 1146
6010 2732
4888 1026
1568 4674
3212 5134
5680 1245
3947 612
3037 5217
284 4895
4823 603
1518 4865
4352 2892
808 3788
3310 4732
466 4316
509 4669
5813 559
432 6150
3369 758
1314 5004
1283 3436
2021 5102
2013 5856
4210 2312
4816 2863
5234 3233
5561 2641
1666 5874
2625 4939
372 6151
1525 5174
6545 1690
1427 3453
2535 3596
2020 5862
6516 923
285 3919
6544 1195
1037 3921
3474 1256
6437 124
4179 738
3537 3021
1432 4459
3851 1290
5447 2838
1964 4931
5700 3254
2872 4520
3346 481
4676 2899
5137 2439
82 5276
2762 3693
3170 4157
2694 4085
4543 2867
4962 1762
561 3803
1071 3936
2197 3770
1889 6503
2019 6291
3534 2438
4832 1672
3338 1561
6278 2470
2421 5959
3117 3902
1750 5948
600 6498
3296 4584
1466 5753
4843 2058
4610 168
3197 5688
3959 138
5510 752
5140 1092
6015 1133
441 5560
6501 977
4725 3293
2833 3782
1110 3952
2052 5464
5345 1977
4169 224
1018 5001
4393 1643
6357 1032
1562 3708
5573 2059
2965 4496
5508 2698
4527 2246
6162 3210
6128 725
5463 2725
4817 1461
3421 1752
3406 782
6598 2776
3620 1684
6567 1233
6248 2822
1022 4177
5551 1267
6102 1148
4124 493
5125 2236
1203 4548
214 4788
3773 413
6632 261
5325 1774
5094 3166
3633 32
5548 2996
4793 2738
4145 2889
4036 1250
6095 2139
3086 6324
203 6006
2656 5731
2858 4034
1309 5152
4798 630
867 5144
802 6120
3989 2967
4076 1197
368 5807
2827 5703
4046 1757
6609 1023
1063 6104
6349 650
3389 35
6414 1401
4602 2181
4288 2230
4261 2613
4346 658
5727 2048
5943 786
2797 6099
5662 557
1560 4401
3420 876
5620 3054
5538 1632
5010 3294
2543 3377
3879 1834
4399 299
4509 1791
629 4796
2692 3957
1644 3610
3480 2480
1160 6268
1756 5473
4381 2684
6020 2384
4454 830
2919 4723
4084 754
5105 212
5797 913
3332 3986
2383 6426
2 6027
5913 2233
4884 1548
2787 5394
4436 968
5701 2401
4551 2371
6442 3242
183 6621
415 3497
5204 2137
3933 924
4336 2607
4904 1034
5412 841
4349 1438
5644 1480
3298 5691
4265 228
3429 1158
6028 796
6417 3045
6342 2529
6616 2828
4716 1177
3661 1984
3666 2374
4519 2773
146 4237
6256 1669
5881 2343
5690 1557
1727 4464
5426 363
4089 863
6060 280
2801 4781
6226 514
558 4792
5378 1652
879 3974
2185 6502
2469 5676
4162 2445
6081 255
981 3725
2523 3479
2688 3870
3124 5683
2116 4608
349 5916
2633 4498
4096 1836
4855 625
2503 4737
3328 3659
5625 42
1815 3547
2931 4604
734 3591
107 5902
1500 6066
647 3629
6464 1264
3631 1570
2632 5225
1843 6188
3283 6085
1467 4626
6383 1533
3085 5695
3008 3626
1107 6581
3234 4444
4134 2638
1246 3691
1089 4221
86 4850
2238 3335
2403 4819
3988 401
2763 3482
2243 6338
5481 731
5632 1917
4293 1903
766 3676
5230 770
5949 1920
3548 2272
5826 3287
4580 2012
195 4403
4200 1507
3965 2360
5786 1053
6639 873
5257 1306
826 5146
6419 1190
6432 2681
4627 1782
1763 6637
1623 5678
1589 4437
1680 5746
699 3510
5274 2081
4651 2460
494 6508
387 3692
1565 5925
5487 477
3082 5019
5852 1501
2462 3423
2689 5441
5159 1550
5606 1682
5167 571
671 4055
3061 4121
4924 259
5043 2619
2510 4463
2265 6217
6446 257
4420 2178
5740 2417
1119 4013
4974 631
4542 1318
1411 4728
5877 2746
5787 240
4642 2691
5942 952
4633 1974
133 5116
6590 3262
3552 1207
5222 1733
5742 1744
3635 626
1135 5033
3319 4694
1753 4599
356 4334
171 4641
2853 6469
3323 4271
1042 6134
3033 4632
1282 3737
3112 6475
916 4376
3457 1017
4567 2586
4807 2106
6231 722
2868 5715
4209 1159
5407 2157
341 5890
5898 2322
3314 3405
840 5984
1870 5920
4017 954
4998 2883
6237 2836
4040 511
4952 2123
5352 1127
266 4893
3013 5478
2932 6003
2351 5089
374 4908
2143 5584
1856 5422
3922 1992
2188 3505
740 5912
4825 934
5950 1540
4220 103
728 3712
2968 5448
3151 5258
1910 5227
1445 6630
1641 6170
458 5363
706 4111
1820 4985
703 4091
2260 4887
476 3375
450 5290
692 4764
737 6629
193 4670
1433 4281
920 4050
20 3393
4072 1199
834 3489
928 4546
1916 6554
4298 1216
2697 3555
525 3802
3498 15
1452 4681
6537 1588
3064 6244
875 5819
5023 2146
3680 1304
6422 3173
5356 3243
460 4029
2426 5179
4416 381
5449 433
2168 5383
2576 4720
40 3561
1721 5048
1441 6173
2331 4354
1627 3566
1262 4413
1913 4325
1707 5581
1567 4545
4461 96
4309 1631
6664 213
806 5517
5641 438
4273 174
5574 2913
5393 2176
883 4529
5841 2382
6547 1613
6611 2039
2451 5998
2103 6136
665 5516
2263 3544
2355 6528
2850 3527
960 4601
3444 1728
533 5243
2807 5272
1852 5997
5824 1360
355 5098
384 4760
3525 2217
2271 6393
1219 4646
158 4631
1027 4750
2308 3855
1781 5775
578 6216
2865 3415
2657 4128
1416 3345
2177 3769
160 3490
3651 2660
1961 4517
1332 5844
244 3648
5827 2458
6218 220
6494 849
1324 4284
6240 562
4697 2372
4308 2992
4891 2393
3305 3543
5093 3227
1257 6359
13 4663
4080 1444
2504 4558
1052 3923
3857 1123
6250 2413
681 4618
2394 3556
1980 5132
3622 2158
3123 5313
1566 4779
5595 2183
6348 169
5025 716
2134 4250
1126 3399
4225 3279
4830 1497
3343 1787
473 6107
3015 3463
3083 5141
6185 472
1167 3351
3320 3582
2189 4125
5250 1810
5507 3090
3569 3100
5773 2062
1959 3994
5057 777
6467 2101
1299 5502
597 4552
1155 3910
4147 2018
4711 149
5915 132
5351 465
2079 3434
2670 6119
6187 2597
328 6279
2509 5603
1528 4188
6395 2955
4445 566
2652 6445
394 5124
5980 85
4060 188
5205 2390
6386 1859
6439 1626
1593 4433
4170 2114
3231 6234
3067 4022
942 5194
1953 3801
5 4684
3430 749
4909 1475
5803 2259
1051 5854
3053 6148
1490 5465
805 5503
4563 2487
2450 4731
1484 5979
1890 4180
3109 3352
1776 5305
1758 5935
2156 4181
547 6525
2599 5309
1325 5188
1085 3644
820 5707
4784 1931
6071 2514
5785 2677
4746 2800
4699 2596
5404 1385
5845 2198
837 4093
687 5155
5295 1295
6029 3246
4126 877
3248 3524
1755 6049
1585 5008
354 5270
4524 609
130 4880
1269 5529
1121 3640
2361 6582
2212 5638
5991 1921
3028 3690
6290 1357
314 5893
1174 5906
742 4460
1054 3682
5952 58
5853 31
6181 729
903 4787
4462 1014
759 6326
3593 2933
3512 2760
5750 1741
3973 1062
6397 1711
4942 730
2845 4540
621 4875
1118 6143
2278 6254
475 3422
2974 4822
3531 1280
4212 418
4980 246
1470 5805
1547 6515
2161 3907
932 6333
670 5095
1049 4915
3023 4749
528 4088
1047 4131
2561 3503
391 6182
90 6613
52 6037
3074 6045
784 6092
6329 2980
5515 564
1827 4569
5895 1813
3001 6285
5783 1472
5552 1934
3776 2024
4772 1313
6345 1746
6103 2097
4778 1872
778 4685
4533 2375
4730 3189
6264 2884
5818 232
6121 2093
1108 3354
6388 2142
3681 427
3487 1583
3376 3056
5636 3087
3722 2268
6654 2251
2634 6643
2398 5109
5375 1443
5967 1723
4659 2572
5088 548
3687 538
3374 2842
3481 2942
3820 793
2614 6207
5745 2025
6506 2069
6493 2070
5784 1164
4652 2041
6139 513
2873 5457
4031 208
3998 3316
1229 6521
5571 617
5283 2924
1659 5960
3909 1347
2464 5887
4712 1740
6339 1041
3852 2301
6047 542
3735 1398
1162 4037
6014 1604
4957 9
4785 1477
4955 2287
1878 6631
880 5627
1451 3587
4748 2704
446 5679
2573 4914
953 5254
6098 2820
4141 2267
3951 2186
3251 3746
3128 5933
3470 1552
3364 3048
92 4452
1407 3642
890 5156
4110 602
608 4500
366 3397
4554 2611
6481 3192
5180 836
1273 6453
2147 5271
2871 6105
3762 2029
5022 1651
1261 6534
3097 5748
2452 5544
1553 3608
2900 6168
1302 6080
2643 5415
696 5857
2459 6532
1312 5930
2770 6570
3734 2196
6005 2910
768 6246
464 4138
6038 3138
855 5291
4705 2424
3541 76
5462 364
2861 5791
6614 135
653 3624
1978 6622
1371 4800
2202 4234
4805 912
2405 5084
3244 3643
1496 5982
5728 333
5166 994
596 6309
2235 3991
329 6543
2389 6418
5882 3264
5335 400
1098 4485
2325 3926
2975 3800
2914 6558
3093 6576
1946 3657
3014 4189
4624 1131
1596 3756
5729 1191
1171 6043
445 5635
2377 3570
4235 1674
3695 1412
4442 3256
4743 1337
5009 1079
5547 527
1395 4696
1493 3380
3798 3152
3536 346
5126 3274
4963 2791
5796 1316
961 5206
6646 1392
4490 919
5777 1940
3698 1225
5261 231
3664 1390
3721 247
4367 3088
2646 3483
3881 129
5060 2339
4860 365
3438 1997
5780 3183
1795 5537
5443 1012
6262 2071
5127 965
5839 632
1406 5521
166 4921
2769 4986
1369 3702
4202 1217
4409 2552
1152 3747
5894 1215
2887 6330
5697 1848
6353 2520
1926 3887
407 5842
911 6301
5568 2502
1508 3451
3307 3679
1914 5666
4004 1078
301 5471
5139 316
5172 1374
5118 3261
811 4996
4277 1418
6588 131
1960 5322
2242 5213
151 3507
313 4629
2519 4171
1277 5065
2617 4991
698 5119
444 4844
304 6267
2906 5618
4211 1365
3355 1366
2411 4108
5718 1660
2172 5259
4021 1786
3135 6389
144 6075
4160 307
4318 198
153 5875
1701 6644
3136 4272
2163 5031
2928 6513
1175 5184
761 5619
3058 3614
1829 4249
4218 1255
338 3761
5711 1520
5474 1468
3462 1709
4940 1243
3130 3908
147 5689
2896 6658
5673 2125
1966 3827
5246 2912
5099 3295
5990 2261
3249 6090
6214 1310
5539 2400
6415 2723
2789 4492
3181 6235
1274 4898
5660 2370
743 3825
345 6294
2966 5951
1036 5087
2978 4377
1929 6270
5626 2957
1294 4101
2432 5569
1341 5868
544 3521
2136 3710
4791 1168
5439 3236
2636 6004
4475 2575
392 4342
2917 6073
2098 3440
660 4058
6625 181
2378 5406
3621 2799
5090 1186
4836 1619
1179 5280
5203 2228
5527 2592
1928 3792
1708 5468
6382 1377
3071 4761
5922 2971
1675 5755
7 5643
3114 3700
4525 534
3962 2496
5197 218
3094 3917
495 6456
4722 2323
2338 6303
6245 1112
1821 3711
1336 4282
5298 1154
5513 1893
300 3668
2112 4183
3027 6100
36 5341
2034 5040
1636 5698
192 3361
5458 1932
6225 2710
5136 3063
5559 1876
5028 2709
5706 2292
6659 163
5390 2094
4032 3284
4457 1824
5855 241
6652 459
4783 489
2522 6002
3153 6430
3049 6440
1705 5659
2210 5289
3160 6111
1516 6157
1927 4364
2546 5021
2915 4439
1735 3822
1968 5199
797 6236
2110 3435
6486 576
1939 5369
4861 1517
3553 2570
5792 1503
908 6108
3557 1706
3411 1196
4311 428
5024 6
6343 915
5883 2993
2879 3551
320 4537
2998 6489
479 4258
4057 1471
5223 1783
997 3987
4130 886
1524 6221
2662 4744
950 4762
3903 1081
1778 4000
5086 831
6177 293
2283 5531
6568 2429
6159 1006
6438 1236
70 5451
4331 344
5995 3221
4339 1594
207 5173
2930 5108
1887 5055
1554 4994
677 5158
628 5931
790 3398
2084 5367
1437 6035
5614 2616
5336 1093
2433 3723
719 3812
5477 1281
5353 803
4945 2092
6280 644
519 4333
2981 4583
2397 5812
5672 2880
3096 5186
2410 5908
113 6172
864 3811
4314 1564
1434 5264
373 6575
1611 3905
2118 4119
1657 4571
675 5553
239 3599
1387 6210
238 6094
367 4769
5782 2486
3771 893
2170 3880
1048 5505
3301 6224
1462 4585
4590 2387
5801 2578
6577 2049
4149 1869
6091 264
4837 2293
4918 3091
1805 3853
1658 4810
3972 1784
6296 1114
100 4808
5310 590
3778 2956
5972 2227
1947 4920
2661 3359
1673 4216
1331 5669
5576 3120
3386 1057
5083 2297
4983 1248
3529 2276
378 3977
707 5563
2003 3901
3337 2530
1499 3671
5657 2862
3459 3228
1317 5565
3849 701
2468 5708
5233 2066
2412 5420
62 4129
5705 2840
3150 3663
4532 905
6470 2972
4928 1555
1519 6026
2577 5329
1742 4586
2476 4053
1915 6048
5080 2409
1618 6373
2977 4910
781 4151
2605 5687
4095 2705
5391 2949
5987 28
6052 3321
1275 4573
337 4766
3218 5878
480 5376
747 3804
5829 2115
6153 2903
3559 2149
6298 189
4518 1607
4238 1409
3720 2321
4231 711
4109 3203
6124 3260
4175 2332
5388 262
5598 1606
6500 2244
4267 66
1212 6332
1113 5497
2427 4658
2120 3673
2363 6362
6526 350
2455 4396
3092 6180
1254 4979
4702 2160
6358 2785
526 3535
5831 772
2874 5360
2091 3807
2582 4384
3373 2945
2007 5277
4488 859
4195 1817
3344 1000
3400 1639
3571 2334
523 4382
666 4373
746 3750
6435 739
6315 1505
4186 447
4874 1729
4653 1101
5752 327
5333 1605
4852 2344
636 4970
5808 487
5546 3329
724 5484
4721 2752
6263 1354
5401 2280
4577 838
2190 6306
4790 949
87 4417
1647 3796
2028 6223
5830 1115
5339 2148
5266 2637
5579 635
6578 3219
3396 1498
6429 999
5346 3280
254 4981
865 4226
1775 6433
6257 2298
2716 4484
1454 4099
91 5737
3464 3081
4919 3241
6452 2916
4507 1886
2901 5350
733 6628
4564 1967
2192 6402
4388 1077
973 5452
84 5570
6133 39
2171 4155
6199 3055
5374 1016
3059 6068
2418 5932
4304 1140
3196 4961
2388 5328
2203 3841
4560 2610
3564 1455
2541 5586
2603 5580
1858 4648
2248 6084
1176 4168
4185 235
496 6203
6561 1962
1879 5506
5642 1143
1333 3958
2277 4002
4358 2399
331 6152
3382 1536
5607 2804
5281 2295
4242 2728
5237 1359
5712 2528
5975 2766
1904 5408
5611 2736
2866 3888
93 4635
3763 896
4988 708
6070 588
2166 5154
5161 1696
633 4592
1671 5338
6573 2963
2941 6387
1573 6436
2140 4263
2580 6510
3217 3858
1013 4451
1297 4434
592 4775
2756 4161
6444 1182
2345 4105
359 6178
352 3968
2305 3689
3194 6517
5938 273
4949 1662
4184 269
763 4614
667 5609
4655 1087
4578 3095
4877 727
3388 1334
6522 1866
1678 3793
5056 3311
4827 1222
420 5050
417 4191
2221 5129
3017 3478
4916 821
3513 402
3929 2562
4689 2416
4163 2324
910 5216
317 5928
2844 5682
3816 1291
3445 2703
4591 2711
2534 3367
4296 1378
2806 6186
3674 1457
5671 370
6350 1373
3912 1874
6220 1830
4375 550
6008 1888
2722 4453
1772 5817
2927 3893
1029 5519
1635 6061
4901 824
2162 6477
5286 2086
1551 6520
114 5207
4139 3148
4223 2365
486 5757
921 4544
5147 2165
33 4156
2714 5150
4831 2310
5437 795
3387 2659
6230 2648
14 4259
4494 1002
5939 409
5889 3327
408 4137
2061 6648
3193 6283
4306 3224
823 3606
6618 1759
393 4092
1504 4077
531 3443
12 5200
2895 6371
697 5599
585 4348
1857 5485
6666 2818
3202 4708
5832 983
605 4687
845 5914
4400 2852
1287 6381
3739 1621
6601 789
1699 4862
6370 1249
4455 326
5239 2447
3484 1789
2187 5045
4294 1091
6468 348
4127 2364
4471 424
4588 1811
5756 2739
6657 3102
6584 357
5148 2385
2461 6131
5622 3240
1001 5600
5524 2348
512 3766
1144 5582
6595 2004
1188 6586
3772 2982
462 6347
3149 6341
2350 5983
1897 6507
3366 1459
4598 2875
4857 996
1718 3356
3041 5816
6355 1677
745 6384
951 6627
700 5410
159 5074
2758 3850
2515 4405
4673 1415
2224 6459
4630 516
5558 2135
118 4299
4714 573
4421 1937
6354 1015
4622 783
4357 2124
1955 4009
6201 2937
5759 2843
4557 637
4959 1754
4878 3043
6514 769
4122 1033
2009 4397
5331 167
2493 3836
3568 694
2589 6365
3954 856
5767 1278
423 3715
292 6057
5587 342
3401 1944
3875 2666
4664 1391
5115 411
2768 5910
6462 1075
6288 2068
1569 6653
1637 5096
843 6041
3976 1905
6307 2792
2407 6413
2077 5536
2882 5985
1919 4770
3070 5602
83 5904
5307 551
4719 2846
1080 4274
1238 5806
691 6011
4616 1067
4881 2550
3963 3268
2011 5674
2313 4305
369 5269
3600 1214
3590 1584
148 4064
5961 1043
6169 1941
4319 2328
4677 1877
6605 2567
4174 1211
3381 2376
17 5466
305 4067
1055 4922
2654 3964
709 4290
661 5135
5068 97
1150 3845
3158 5370
3530 2357
3808 2017
5851 2491
382 5630
3253 5444
2395 5567
3519 1104
4059 974
1355 5795
3250 5921
5823 1603
2988 6023
1205 6524
1220 4150
1232 3928
2153 6083
5006 1105
5000 1845
5825 1004
1655 6649
1854 5285
889 4289
3950 3326
4068 1061
5940 2951
4167 1949
5945 406
5667 2300
3472 2045
3883 2615
6232 936
2008 6183
1353 5479
6287 1642
5724 589
1769 6322
594 4528
1263 6599
5781 3003
3650 276
1404 6046
283 4956
755 6542
992 3542
2428 5011
1435 4015
3039 4448
5020 1969
2609 6161
2869 6149
4759 2730
2195 6553
4389 938
3419 1922
6062 2253
1178 4240
4704 2737
5799 2193
1692 5284
2754 5210
1396 6317
2849 5704
1431 4204
2683 4938
3079 6009
6473 1489
5170 385
2679 6565
4811 3263
1861 6179
5450 414
5027 963
5719 853
1586 6427
4549 2834
878 6620
2778 6361
676 6376
1419 4872
277 5800
4300 2780
396 3492
3787 1853
1430 6511
6535 1083
1695 5754
2835 4978
1408 3915
142 5005
1590 4972
2829 3601
59 3467
1095 5865
3036 5615
901 4724
5198 3225
448 6318
260 6297
2175 5157
4395 3005
5071 1076
136 4813
170 5085
2314 6407
2556 3581
3167 6623
3956 227
2380 5432
2934 5847
3278 4418
4190 1844
233 5221
593 4741
2214 5768
689 6488
2533 5431
2102 6055
1138 3532
5738 2876
1482 3573
2719 6033
4094 2826
3347 1156
4214 2151
10 3832
854 5417
3143 3786
4665 606
1109 4098
2621 6482
3477 2435
1952 4835
2085 3605
6196 1300
1025 5555
4707 470
1428 4565
318 6334
2005 4115
6497 751
187 4611
541 5694
4675 741
3466 1881
3454 1895
3417 663
4003 619
517 4327
106 4245
1198 5260
1747 5327
6492 1311
4337 53
4345 2442
6313 2808
128 5359
1073 4902
5429 1147
674 5475
34 4472
498 4030
1592 4911
217 4363
623 4495
49 4780
5578 1806
1208 6431
1539 6122
1925 3789
4958 1161
5810 2584
5253 2645
3125 3955
3978 756
4644 2631
3172 6189
2531 5833
5106 569
4379 2757
1240 4368
6571 2213
6540 2809
2282 5492
4686 3198
4992 1615
5743 1574
5042 2078
1909 5072
4757 1045
4054 1948
3925 2888
4112 2255
5386 3211
5977 2907
29 6314
2595 4477
3975 3127
5988 2211
5556 1320
425 4556
560 3578
2549 3439
4146 1132
3176 5901
2446 3378
95 5675
5723 467
6600 1579
3188 6054
2121 3546
2269 3577
5104 943
4404 595
2765 5956
286 5262
3137 4965
4410 3324
4458 2612
3632 610
1301 3752
819 5299
3110 4039
6175 767
6399 194
4083 2046
5321 2472
5334 197
3175 3863
3940 1894
4355 809
1812 4600
940 6594
2047 5732
2104 3741
237 5714
3180 3718
3312 4678
4372 925
1327 6077
4539 2053
3073 4511
2226 5402
2759 3736
1809 3584
152 5526
322 4493
3291 4562
1227 4570
3068 3409
2133 4668
2999 3847
5495 1930
5379 537
4107 1871
3545 1998
5395 649
1770 5454
4885 1464
5058 3226
3999 812
6603 2129
3996 1923
4257 361
3797 268
6651 2485
2349 3426
1796 3916
5177 1447
6206 1402
2720 4982
5343 3288
4536 3016
2044 4848
18 4506
4297 1323
5751 2184
4065 2219
5970 1633
4660 3258
5534 116
3204 3995
1393 3707
6465 1194
5047 1348
3010 5872
500 4427
421 4419
2420 5317
61 4335
2027 6271
3520 1180
1645 3683
4894 353
3433 955
4886 72
4751 917
4440 1687
3595 580
3461 3273
1898 3390
5073 1007
64 6406
3161 3334
2337 5052
586 3572
5640 2734
4035 554
987 5470
2492 5963
3839 434
3448 2249
4469 306
2782 5590
2169 4279
989 3758
6408 1192
4468 1495
5413 25
3856 1224
6065 1595
2031 4428
4465 2831
6366 2289
5941 1601
3665 1326
6640 1563
3035 6193
5885 2571
929 4692
2488 3353
2687 5320
833 4196
1510 3826
3237 4820
2870 6260
3765 2505
24 5236
2109 4369
2232 3446
4422 825
4430 2909
3653 437
5308 488
1790 6579
1506 3891
762 4917
5078 2386
54 4913
1880 5999
2894 5384
1541 4359
4572 2296
4491 1344
60 4408
4246 966
1478 5397
4680 1059
4868 3257
2751 6478
2935 4227
1142 6356
2225 4839
3414 899
1765 4476
6277 3229
2076 5880
6281 3077
172 4497
2415 4801
1999 6089
982 6141
2206 3733
1737 3924
3379 2352
1943 5530
2904 6320
1349 4847
2644 4951
5996 263
5736 2467
2566 4203
4104 1577
5896 1572
6471 127
5864 3235
1546 3418
545 5749
2814 5337
358 3669
1771 4441
4264 791
4944 3144
4845 2983
1730 4106
5430 204
1616 4858
2805 6238
4932 1988
6512 395
3576 1288
5523 1545
2335 5344
4929 1296
5248 1379
2396 3970
397 4964
4114 2925
1244 5946
2113 4729
1003 5554
662 4489
3623 852
291 5190
1070 3339
1793 6624
4523 1050
2733 3350
2222 5421
2668 5275
502 5820
1235 5113
4950 957
1201 5597
5456 1826
1046 4260
3042 5973
1773 5226
225 3645
2585 4247
5650 3247
2986 5907
5760 539
2179 4905
1622 5633
4166 2245
5871 2346
5811 1764
5771 642
3885 431
4607 2748
2258 3937
1986 6053
122 3760
574 4526
2669 4776
3200 5288
6109 281
399 4206
4026 2781
5251 1749
4842 2437
2920 3785
506 4165
2434 3828
4683 3057
6215 1724
858 5122
6328 990
732 4726
4001 2368
1129 3523
4637 1303
4643 2864
6447 3047
2264 3814
3300 4136
3164 5840
1259 4295
3843 360
4740 2658
6409 2482
6454 909
3616 2750
3945 1714
3501 2422
3835 2057
721 4923
6127 2521
6137 309
1252 4012
389 4755
41 4275
2191 4693
5814 2624
5583 3072
3602 2832
622 5316
1891 6074
3404 1823
2444 6448
846 4313
6025 2367
4152 2316
6626 47
1384 4621
1400 6546
5681 324
941 5301
27 4255
6665 2001
4386 1185
5364 646
3939 2207
6198 2111
6392 2022
2138 4739
1413 4182
4008 2483
5758 1629
4989 2790
4045 998
5201 2448
1799 4579
5540 2291
3182 4873
1487 5382
3030 4654
4582 3099
584 3894
964 4502
2881 4534
5079 643
3336 1610
5733 3009
4869 869
6126 2964
5193 891
3508 1646
2430 6434
5371 50
4324 1957
451 4756
4378 1738
5514 230
2802 5398
4975 688
1582 3460
2717 6130
6208 221
5911 1485
5097 895
3276 6194
818 5491
4634 2015
3304 5789
3410 2695
2032 4239
5709 234
3754 3309
6093 308
4025 2252
4568 1328
5202 2997
6036 469
2273 5664
3145 4322
2454 4020
4682 200
4657 673
902 5655
2961 4638
177 6200
1935 4814
587 5381
1688 5434
287 5293
827 4897
3906 1875
5403 2443
3831 1422
2618 4672
1825 3583
2302 3818
6404 807
926 5668
205 4276
5302 11
2664 4371
5834 1234
1630 6424
1460 6112
3504 1933
3011 5399
289 5936
6167 2893
1628 6385
3574 43
3025 5608
351 3473
1951 3625
5891 881
2453 5232
944 4248
5520 323
1751 5772
390 4773
1421 3370
4187 2065
1578 4984
765 5427
4406 2054
2122 3809
914 5717
3207 4153
3971 2040
4510 2742
6411 2574
6273 3132
16 5866
5362 57
5319 2700
3732 1954
851 5013
1338 4467
2989 5303
4449 2456
817 3580
5069 3162
5989 2229
3078 6156
6101 1358
5296 422
4935 2073
6261 3289
275 5860
2288 6656
4550 3330
4782 507
2319 4531
822 3920
1364 3611
5654 242
274 5594
2341 4241
3076 6222
6096 748
3209 4280
56 4747
3062 5770
3111 4285
1145 4411
3780 2356
4906 1837
5002 1425
6163 715
5593 2565
5255 736
3517 484
2127 3790
774 4217
1965 4079
1403 3514
5411 1689
1345 5929
5765 1381
2132 6606
799 3360
3918 1361
3934 2810
3748 88
2240 3618
2449 3868
126 6211
5191 1717
3340 403
4605 2051
3652 1183
3046 3550
6610 2715
6423 2897
2347 6142
236 6607
1970 4967
1350 6241
1094 6300
5888 2647
2775 3886
684 4113
618 5183
6564 211
3069 5459
1086 6641
6661 2477
6082 2182
871 4270
3157 4479
6602 2299
1463 4090
4824 521
6344 1597
2205 4194
4619 1513
6372 723
2891 5143
1 3744
3252 6205
792 6523
6289 3239
1439 5112
4574 2923
1766 4522
4198 3184
5032 1442
1725 3749
4344 679
4501 1906
5886 1481
2855 6655
1514 3425
3819 2130
