333
97.0
404 97
251 379
225 613
311 382
64 455
198 334
54 517
138 456
252 552
124 655
270 555
100 477
375 144
535 47
101 370
161 503
110 612
651 215
425 214
529 25
615 80
335 103
20 418
385 209
439 120
567 122
387 164
73 361
287 507
403 72
201 453
189 562
564 116
376 277
44 653
542 66
221 346
482 154
637 62
18 504
271 539
183 481
156 338
582 45
484 108
581 133
470 302
409 294
218 508
109 393
249 524
318 449
309 380
432 14
159 471
111 489
371 160
480 104
623 7
429 192
76 475
558 137
431 19
81 577
12 459
354 243
383 157
608 327
353 219
417 84
561 168
546 187
472 131
563 8
231 464
565 4
596 148
426 90
547 207
616 292
99 349
65 525
512 188
541 261
478 38
486 253
446 326
634 234
495 330
644 155
248 465
626 190
301 342
551 257
329 528
509 174
172 548
297 378
619 41
78 576
514 222
638 264
534 185
98 647
37 451
107 654
250 339
36 467
205 554
22 531
491 244
74 569
118 490
68 600
296 438
310 434
139 578
324 435
411 179
523 293
77 614
460 93
640 34
266 633
663 200
598 208
114 639
119 374
281 521
228 452
163 496
397 136
603 181
580 247
597 88
283 602
167 611
556 173
649 95
457 129
39 532
242 601
50 362
415 142
498 149
177 367
195 519
629 102
476 91
212 437
313 527
57 474
30 620
178 365
284 607
123 513
412 31
202 657
260 557
211 492
348 1
279 386
194 625
170 499
258 493
337 132
630 239
340 256
510 86
373 328
130 664
300 444
406 134
399 89
652 245
390 51
246 526
345 332
595 75
363 237
463 319
537 5
445 263
35 427
265 443
143 372
303 366
150 635
230 665
312 631
315 479
299 522
364 165
306 494
128 533
217 518
575 238
643 83
589 27
197 627
152 343
391 274
659 146
180 543
55 572
6 358
240 336
488 69
191 351
162 591
204 458
176 420
206 585
10 609
59 401
553 112
60 416
115 632
377 272
530 11
52 666
584 113
587 92
193 485
61 604
419 268
23 423
352 236
127 369
24 550
196 636
33 516
317 356
105 511
469 325
32 407
316 549
13 408
71 392
94 515
285 347
506 15
241 433
56 586
661 171
421 17
290 579
396 151
273 662
42 487
305 461
216 622
497 9
605 82
483 224
350 286
199 394
125 389
288 641
322 573
121 544
430 141
357 28
436 166
63 466
536 96
48 618
53 648
321 568
158 410
117 341
368 16
147 660
304 381
267 360
402 233
398 323
538 58
424 186
422 291
280 594
262 540
505 135
126 395
559 282
232 588
276 405
593 275
203 592
447 259
169 384
226 413
501 40
308 388
645 220
359 49
621 26
46 583
642 229
235 450
617 210
87 468
520 307
610 314
545 184
656 2
473 331
650 153
278 566
571 79
428 70
442 223
448 269
502 333
454 21
599 213
320 658
175 500
43 414
440 227
298 628
254 400
441 140
295 560
29 606
67 646
3 590
462 289
145 624
255 574
182 344
106 570
85 355
